[gd_scene load_steps=13 format=2]

[ext_resource path="res://Scenes/Player.tscn" type="PackedScene" id=1]
[ext_resource path="res://Scenes/Camera.cs" type="Script" id=2]
[ext_resource path="res://Scenes/Meeting.cs" type="Script" id=3]

[sub_resource type="CubeMesh" id=1]

[sub_resource type="ConcavePolygonShape" id=2]
data = PoolVector3Array( -1, 1, 1, 1, 1, 1, -1, -1, 1, 1, 1, 1, 1, -1, 1, -1, -1, 1, 1, 1, -1, -1, 1, -1, 1, -1, -1, -1, 1, -1, -1, -1, -1, 1, -1, -1, 1, 1, 1, 1, 1, -1, 1, -1, 1, 1, 1, -1, 1, -1, -1, 1, -1, 1, -1, 1, -1, -1, 1, 1, -1, -1, -1, -1, 1, 1, -1, -1, 1, -1, -1, -1, 1, 1, 1, -1, 1, 1, 1, 1, -1, -1, 1, 1, -1, 1, -1, 1, 1, -1, -1, -1, 1, 1, -1, 1, -1, -1, -1, 1, -1, 1, 1, -1, -1, -1, -1, -1 )

[sub_resource type="CapsuleShape" id=3]
radius = 0.5
height = 0.5

[sub_resource type="SpatialMaterial" id=4]
albedo_color = Color( 0.423529, 0.0509804, 0.0509804, 1 )

[sub_resource type="CylinderMesh" id=5]
material = SubResource( 4 )

[sub_resource type="Skin" id=6]

[sub_resource type="SpatialMaterial" id=7]
albedo_color = Color( 0.721569, 0.341176, 0.717647, 1 )

[sub_resource type="PrismMesh" id=8]
material = SubResource( 7 )
size = Vector3( 1, 1, 1 )

[sub_resource type="Skin" id=9]

[node name="Master" type="Spatial"]

[node name="World" type="Spatial" parent="."]

[node name="MeshInstance" type="MeshInstance" parent="World"]
transform = Transform( 82.325, 0, 0, 0, 0.184898, 0, 0, 0, 66.0621, 0, 0, 0 )
mesh = SubResource( 1 )
material/0 = null

[node name="StaticBody" type="StaticBody" parent="World/MeshInstance"]

[node name="CollisionShape" type="CollisionShape" parent="World/MeshInstance/StaticBody"]
shape = SubResource( 2 )

[node name="Meeting" type="Spatial" parent="."]
script = ExtResource( 3 )

[node name="PlayerOne" parent="Meeting" instance=ExtResource( 1 )]
transform = Transform( 0.0607523, 0, 0.998153, 0, 1, 0, -0.998153, 0, 0.0607523, 73.1181, 1.32961, 6.76001 )

[node name="Camera" type="Camera" parent="Meeting"]
transform = Transform( 1, 0, 0, 0, 0.707107, 0.707107, 0, -0.707107, 0.707107, -0.753012, 1.50324, -21.7542 )
keep_aspect = 0
fov = 120.0
script = ExtResource( 2 )

[node name="PlayerTwo" parent="." instance=ExtResource( 1 )]
transform = Transform( 1, 0, 0, 0, 1, 0, 0, 0, 1, -9.4589, 1.32961, -8.38104 )
playerNum = 1

[node name="Enemy" type="KinematicBody" parent="."]
transform = Transform( 1, 0, 0, 0, 1, 0, 0, 0, 1, 6.35848, 1.22253, 0 )

[node name="CollisionShape" type="CollisionShape" parent="Enemy"]
transform = Transform( 1, 0, 0, 0, -4.37114e-08, -1, 0, 1, -4.37114e-08, 0, 0, 0 )
shape = SubResource( 3 )

[node name="MeshInstance" type="MeshInstance" parent="Enemy"]
mesh = SubResource( 5 )
skin = SubResource( 6 )
material/0 = null

[node name="MeshInstance" type="MeshInstance" parent="Enemy/MeshInstance"]
transform = Transform( 0.00116694, 0.0356654, -0.999363, 0.999465, -0.0327017, 0, -0.0326808, -0.998829, -0.0356844, 0.0834991, 0.499348, -1.37978 )
mesh = SubResource( 8 )
skin = SubResource( 9 )
material/0 = null
